Time,Payment,Interest,Principal,Remaining principal
0,0,0,0,10000000
1,77472.25,66666.67,10805.58,9989194.42
2,77472.25,66594.63,10877.62,9978316.8
3,77472.25,66522.11,10950.14,9967366.66
4,77472.25,66449.11,11023.14,9956343.53
5,77472.25,66375.62,11096.62,9945246.9
6,77472.25,66301.65,11170.6,9934076.3
7,77472.25,66227.18,11245.07,9922831.23
8,77472.25,66152.21,11320.04,9911511.19
9,77472.25,66076.74,11395.51,9900115.68
10,77472.25,66000.77,11471.48,9888644.21
11,77472.25,65924.29,11547.95,9877096.25
12,77472.25,65847.31,11624.94,9865471.32
13,77472.25,65769.81,11702.44,9853768.88
14,77472.25,65691.79,11780.46,9841988.42
15,77472.25,65613.26,11858.99,9830129.43
16,77472.25,65534.2,11938.05,9818191.38
17,77472.25,65454.61,12017.64,9806173.74
18,77472.25,65374.49,12097.76,9794075.98
19,77472.25,65293.84,12178.41,9781897.58
20,77472.25,65212.65,12259.6,9769637.98
21,77472.25,65130.92,12341.33,9757296.65
22,77472.25,65048.64,12423.6,9744873.05
23,77472.25,64965.82,12506.43,9732366.62
24,77472.25,64882.44,12589.8,9719776.82
25,77472.25,64798.51,12673.74,9707103.08
26,77472.25,64714.02,12758.23,9694344.85
27,77472.25,64628.97,12843.28,9681501.57
28,77472.25,64543.34,12928.9,9668572.67
29,77472.25,64457.15,13015.1,9655557.57
30,77472.25,64370.38,13101.86,9642455.71
31,77472.25,64283.04,13189.21,9629266.5
32,77472.25,64195.11,13277.14,9615989.36
33,77472.25,64106.6,13365.65,9602623.71
34,77472.25,64017.49,13454.76,9589168.95
35,77472.25,63927.79,13544.45,9575624.5
36,77472.25,63837.5,13634.75,9561989.75
37,77472.25,63746.6,13725.65,9548264.1
38,77472.25,63655.09,13817.15,9534446.94
39,77472.25,63562.98,13909.27,9520537.67
40,77472.25,63470.25,14002.0,9506535.68
41,77472.25,63376.9,14095.34,9492440.33
42,77472.25,63282.94,14189.31,9478251.02
43,77472.25,63188.34,14283.91,9463967.11
44,77472.25,63093.11,14379.13,9449587.98
45,77472.25,62997.25,14474.99,9435112.99
46,77472.25,62900.75,14571.49,9420541.49
47,77472.25,62803.61,14668.64,9405872.85
48,77472.25,62705.82,14766.43,9391106.43
49,77472.25,62607.38,14864.87,9376241.55
50,77472.25,62508.28,14963.97,9361277.58
51,77472.25,62408.52,15063.73,9346213.85
52,77472.25,62308.09,15164.16,9331049.7
53,77472.25,62207.0,15265.25,9315784.45
54,77472.25,62105.23,15367.02,9300417.43
55,77472.25,62002.78,15469.46,9284947.96
56,77472.25,61899.65,15572.59,9269375.37
57,77472.25,61795.84,15676.41,9253698.96
58,77472.25,61691.33,15780.92,9237918.04
59,77472.25,61586.12,15886.13,9222031.91
60,77472.25,61480.21,15992.03,9206039.87
61,77472.25,61373.6,16098.65,9189941.23
62,77472.25,61266.27,16205.97,9173735.25
63,77472.25,61158.24,16314.01,9157421.24
64,77472.25,61049.47,16422.77,9140998.47
65,77472.25,60939.99,16532.26,9124466.21
66,77472.25,60829.77,16642.47,9107823.74
67,77472.25,60718.82,16753.42,9091070.31
68,77472.25,60607.14,16865.11,9074205.2
69,77472.25,60494.7,16977.55,9057227.66
70,77472.25,60381.52,17090.73,9040136.93
71,77472.25,60267.58,17204.67,9022932.26
72,77472.25,60152.88,17319.37,9005612.89
73,77472.25,60037.42,17434.83,8988178.06
74,77472.25,59921.19,17551.06,8970627.0
75,77472.25,59804.18,17668.07,8952958.93
76,77472.25,59686.39,17785.85,8935173.08
77,77472.25,59567.82,17904.43,8917268.65
78,77472.25,59448.46,18023.79,8899244.86
79,77472.25,59328.3,18143.95,8881100.91
80,77472.25,59207.34,18264.91,8862836.01
81,77472.25,59085.57,18386.67,8844449.33
82,77472.25,58963.0,18509.25,8825940.08
83,77472.25,58839.6,18632.65,8807307.43
84,77472.25,58715.38,18756.86,8788550.57
85,77472.25,58590.34,18881.91,8769668.66
86,77472.25,58464.46,19007.79,8750660.87
87,77472.25,58337.74,19134.51,8731526.36
88,77472.25,58210.18,19262.07,8712264.29
89,77472.25,58081.76,19390.49,8692873.8
90,77472.25,57952.49,19519.76,8673354.04
91,77472.25,57822.36,19649.89,8653704.16
92,77472.25,57691.36,19780.89,8633923.27
93,77472.25,57559.49,19912.76,8614010.51
94,77472.25,57426.74,20045.51,8593965.0
95,77472.25,57293.1,20179.15,8573785.85
96,77472.25,57158.57,20313.68,8553472.18
97,77472.25,57023.15,20449.1,8533023.08
98,77472.25,56886.82,20585.43,8512437.65
99,77472.25,56749.58,20722.66,8491714.99
100,77472.25,56611.43,20860.81,8470854.17
101,77472.25,56472.36,20999.89,8449854.28
102,77472.25,56332.36,21139.89,8428714.4
103,77472.25,56191.43,21280.82,8407433.58
104,77472.25,56049.56,21422.69,8386010.89
105,77472.25,55906.74,21565.51,8364445.38
106,77472.25,55762.97,21709.28,8342736.1
107,77472.25,55618.24,21854.01,8320882.1
108,77472.25,55472.55,21999.7,8298882.4
109,77472.25,55325.88,22146.37,8276736.03
110,77472.25,55178.24,22294.01,8254442.02
111,77472.25,55029.61,22442.63,8231999.39
112,77472.25,54880.0,22592.25,8209407.14
113,77472.25,54729.38,22742.87,8186664.27
114,77472.25,54577.76,22894.49,8163769.78
115,77472.25,54425.13,23047.12,8140722.67
116,77472.25,54271.48,23200.76,8117521.91
117,77472.25,54116.81,23355.44,8094166.47
118,77472.25,53961.11,23511.14,8070655.33
119,77472.25,53804.37,23667.88,8046987.45
120,77472.25,53646.58,23825.66,8023161.79
121,77472.25,20057.9,57414.34,7965747.45
122,77472.25,19914.37,57557.88,7908189.57
123,77472.25,19770.47,57701.77,7850487.79
124,77472.25,19626.22,57846.03,7792641.76
125,77472.25,19481.6,57990.64,7734651.12
126,77472.25,19336.63,58135.62,7676515.5
127,77472.25,19191.29,58280.96,7618234.54
128,77472.25,19045.59,58426.66,7559807.88
129,77472.25,18899.52,58572.73,7501235.15
130,77472.25,18753.09,58719.16,7442515.99
131,77472.25,18606.29,58865.96,7383650.04
132,77472.25,18459.13,59013.12,7324636.91
133,77472.25,18311.59,59160.66,7265476.26
134,77472.25,18163.69,59308.56,7206167.7
135,77472.25,18015.42,59456.83,7146710.87
136,77472.25,17866.78,59605.47,7087105.4
137,77472.25,17717.76,59754.48,7027350.92
138,77472.25,17568.38,59903.87,6967447.05
139,77472.25,17418.62,60053.63,6907393.42
140,77472.25,17268.48,60203.76,6847189.65
141,77472.25,17117.97,60354.27,6786835.38
142,77472.25,16967.09,60505.16,6726330.22
143,77472.25,16815.83,60656.42,6665673.8
144,77472.25,16664.18,60808.06,6604865.73
145,77472.25,16512.16,60960.08,6543905.65
146,77472.25,16359.76,61112.48,6482793.17
147,77472.25,16206.98,61265.26,6421527.9
148,77472.25,16053.82,61418.43,6360109.47
149,77472.25,15900.27,61571.97,6298537.5
150,77472.25,15746.34,61725.9,6236811.6
151,77472.25,15592.03,61880.22,6174931.38
152,77472.25,15437.33,62034.92,6112896.46
153,77472.25,15282.24,62190.01,6050706.45
154,77472.25,15126.77,62345.48,5988360.97
155,77472.25,14970.9,62501.35,5925859.62
156,77472.25,14814.65,62657.6,5863202.03
157,77472.25,14658.01,62814.24,5800387.78
158,77472.25,14500.97,62971.28,5737416.51
159,77472.25,14343.54,63128.71,5674287.8
160,77472.25,14185.72,63286.53,5611001.27
161,77472.25,14027.5,63444.74,5547556.53
162,77472.25,13868.89,63603.36,5483953.17
163,77472.25,13709.88,63762.36,5420190.8
164,77472.25,13550.48,63921.77,5356269.03
165,77472.25,13390.67,64081.58,5292187.46
166,77472.25,13230.47,64241.78,5227945.68
167,77472.25,13069.86,64402.38,5163543.3
168,77472.25,12908.86,64563.39,5098979.91
169,77472.25,12747.45,64724.8,5034255.11
170,77472.25,12585.64,64886.61,4969368.5
171,77472.25,12423.42,65048.83,4904319.67
172,77472.25,12260.8,65211.45,4839108.22
173,77472.25,12097.77,65374.48,4773733.75
174,77472.25,11934.33,65537.91,4708195.83
175,77472.25,11770.49,65701.76,4642494.08
176,77472.25,11606.24,65866.01,4576628.06
177,77472.25,11441.57,66030.68,4510597.39
178,77472.25,11276.49,66195.75,4444401.63
179,77472.25,11111.0,66361.24,4378040.39
180,77472.25,10945.1,66527.15,4311513.24
181,77472.25,10778.78,66693.46,4244819.78
182,77472.25,10612.05,66860.2,4177959.58
183,77472.25,10444.9,67027.35,4110932.23
184,77472.25,10277.33,67194.92,4043737.31
185,77472.25,10109.34,67362.9,3976374.41
186,77472.25,9940.94,67531.31,3908843.1
187,77472.25,9772.11,67700.14,3841142.96
188,77472.25,9602.86,67869.39,3773273.57
189,77472.25,9433.18,68039.06,3705234.5
190,77472.25,9263.09,68209.16,3637025.34
191,77472.25,9092.56,68379.68,3568645.66
192,77472.25,8921.61,68550.63,3500095.02
193,77472.25,8750.24,68722.01,3431373.01
194,77472.25,8578.43,68893.82,3362479.2
195,77472.25,8406.2,69066.05,3293413.15
196,77472.25,8233.53,69238.71,3224174.43
197,77472.25,8060.44,69411.81,3154762.62
198,77472.25,7886.91,69585.34,3085177.28
199,77472.25,7712.94,69759.3,3015417.98
200,77472.25,7538.54,69933.7,2945484.27
201,77472.25,7363.71,70108.54,2875375.74
202,77472.25,7188.44,70283.81,2805091.93
203,77472.25,7012.73,70459.52,2734632.41
204,77472.25,6836.58,70635.67,2663996.74
205,77472.25,6659.99,70812.26,2593184.49
206,77472.25,6482.96,70989.29,2522195.2
207,77472.25,6305.49,71166.76,2451028.44
208,77472.25,6127.57,71344.68,2379683.76
209,77472.25,5949.21,71523.04,2308160.73
210,77472.25,5770.4,71701.85,2236458.88
211,77472.25,5591.15,71881.1,2164577.78
212,77472.25,5411.44,72060.8,2092516.98
213,77472.25,5231.29,72240.96,2020276.02
214,77472.25,5050.69,72421.56,1947854.46
215,77472.25,4869.64,72602.61,1875251.85
216,77472.25,4688.13,72784.12,1802467.73
217,77472.25,4506.17,72966.08,1729501.65
218,77472.25,4323.75,73148.49,1656353.16
219,77472.25,4140.88,73331.36,1583021.8
220,77472.25,3957.55,73514.69,1509507.1
221,77472.25,3773.77,73698.48,1435808.62
222,77472.25,3589.52,73882.73,1361925.9
223,77472.25,3404.81,74067.43,1287858.46
224,77472.25,3219.65,74252.6,1213605.86
225,77472.25,3034.01,74438.23,1139167.63
226,77472.25,2847.92,74624.33,1064543.3
227,77472.25,2661.36,74810.89,989732.41
228,77472.25,2474.33,74997.92,914734.49
229,77472.25,2286.84,75185.41,839549.08
230,77472.25,2098.87,75373.38,764175.71
231,77472.25,1910.44,75561.81,688613.9
232,77472.25,1721.53,75750.71,612863.19
233,77472.25,1532.16,75940.09,536923.1
234,77472.25,1342.31,76129.94,460793.16
235,77472.25,1151.98,76320.26,384472.89
236,77472.25,961.18,76511.07,307961.83
237,77472.25,769.9,76702.34,231259.48
238,77472.25,578.15,76894.1,154365.38
239,77472.25,385.91,77086.33,77279.05
240,77472.25,193.2,77279.05,0
